config_2021-05-26-14-34,txt	14	16,335142	
