center_x = 40.108002
center_y = 44.742500
center_z = 65.466003

size_x = 67
size_y = 73
size_z = 110

exhaustiveness = 20
energy_range = 100
num_modes = 20

